session,protocol,src-address,src-port,dst-address,dst-port,flow,tcp-state,resolved,mark,cc,asn,threat,description,modified
2023-11-20_09-15-03,tcp,119.110.75.198,39634.0,157.240.208.34,443.0,OUT.bound,established,,LOKAL.c,ID,AS32934 facebook  inc.,,,
2023-11-20_09-15-03,tcp,119.110.75.198,50983.0,40.126.35.129,443.0,OUT.bound,established,,LOKAL.c,SG,AS8075 microsoft corporation,,,
2023-11-20_09-15-03,tcp,119.110.75.198,45084.0,163.181.100.242,443.0,OUT.bound,established,,LOKAL.c,US,ASNone ,,,
2023-11-20_09-15-03,icmp,175.103.43.90,,119.110.75.198,,IN.bound,,,,ID,AS38320 pt maxindo mitra solusi,,,
2023-11-20_09-15-03,icmp,119.110.66.86,,98.137.246.8,,OUT.bound,,,,US,AS36647 oath holdings inc.,San Jose County Ca,,2022-04-02T00:04:50.405000
2023-11-20_09-15-03,udp,119.110.75.198,60559.0,149.104.85.135,443.0,OUT.bound,,,LOKAL.c,US,AS174 cogent communications,,,
2023-11-20_09-15-03,tcp,119.110.75.198,53856.0,142.251.10.94,443.0,OUT.bound,time-wait,,LOKAL.c,US,AS15169 google llc,alt-YouTube.com,,2023-09-24T14:00:05.977000
2023-11-20_09-15-03,udp,148.251.237.81,39871.0,119.110.75.198,65383.0,IN.bound,,,INTL.c,DE,AS24940 hetzner online gmbh,,,
2023-11-20_09-15-03,tcp,119.110.75.198,50731.0,134.119.183.60,80.0,OUT.bound,established,,INTL.c,FR,AS29066 host europe gmbh,,,
2023-11-20_09-15-03,tcp,119.110.75.198,54394.0,182.23.50.233,443.0,OUT.bound,established,,LOKAL.c,ID,AS4800 aplikanusa lintasarta,,,
2023-11-20_09-15-03,tcp,119.110.75.198,49773.0,162.125.40.2,443.0,OUT.bound,established,,INTL.c,US,AS19679 dropbox  inc.,,,
2023-11-20_09-15-03,udp,119.110.75.198,57997.0,172.217.165.3,443.0,OUT.bound,,,LOKAL.c,US,AS15169 google llc,,,
2023-11-20_09-15-03,udp,119.110.75.198,50948.0,142.251.10.138,443.0,OUT.bound,,,LOKAL.c,US,AS15169 google llc,,,
2023-11-20_09-15-03,tcp,119.110.75.198,50514.0,210.210.145.10,443.0,OUT.bound,close,,LOKAL.c,ID,AS4787 pt cyberindo aditama,,,
2023-11-20_09-15-03,tcp,119.110.75.198,53860.0,142.251.10.94,443.0,OUT.bound,time-wait,,LOKAL.c,US,AS15169 google llc,alt-YouTube.com,,2023-09-24T14:00:05.977000
2023-11-20_09-15-03,tcp,119.110.66.86,899.0,175.103.43.90,50590.0,OUT.bound,established,,,ID,AS38320 pt maxindo mitra solusi,,,
2023-11-20_09-15-03,tcp,119.110.75.198,54395.0,204.79.197.203,443.0,OUT.bound,established,,LOKAL.c,US,AS8068 microsoft corporation,Spyware: http://browser.events.data.microsoftstart.cn,"This report is generated by MITRE ATT&CK™ and produced by the team at the University of California, ",2023-11-19T13:55:48.898000
2023-11-20_09-15-03,udp,195.123.221.1,37139.0,119.110.75.198,50631.0,IN.bound,,,INTL.c,NL,AS21100 itl llc,,,
2023-11-20_09-15-03,tcp,119.110.75.198,39678.0,157.240.208.34,443.0,OUT.bound,time-wait,,LOKAL.c,ID,AS32934 facebook  inc.,,,
2023-11-20_09-15-03,tcp,119.110.75.198,50991.0,172.67.170.105,443.0,OUT.bound,established,,INTL.c,US,AS13335 cloudflare,,,
2023-11-20_09-15-03,icmp,119.110.75.197,,119.110.75.198,,local,,,,,,,,
2023-11-20_09-15-03,tcp,119.110.75.198,50998.0,172.253.118.136,443.0,OUT.bound,established,,LOKAL.c,US,AS15169 google llc,,,
2023-11-20_09-15-03,tcp,119.110.75.198,54398.0,184.25.236.203,443.0,OUT.bound,established,,LOKAL.c,ID,AS7713 pt telekomunikasi indonesia,,,
2023-11-20_09-15-03,tcp,119.110.75.198,50641.0,157.240.13.36,443.0,OUT.bound,established,,LOKAL.c,SG,AS32934 facebook  inc.,,,
2023-11-20_09-15-03,tcp,2.59.169.86,80.0,119.110.75.198,49323.0,IN.bound,established,,INTL.c,MD,ASNone ,,,
2023-11-20_09-15-03,tcp,119.110.75.198,55030.0,163.70.141.2,443.0,OUT.bound,close,,LOKAL.c,FR,ASNone ,,,
2023-11-20_09-15-03,tcp,119.110.75.198,50734.0,185.82.216.111,443.0,OUT.bound,close,,INTL.c,BG,AS59729 itl llc,,,
2023-11-20_09-15-03,tcp,119.110.75.198,54396.0,204.79.197.203,443.0,OUT.bound,established,,LOKAL.c,US,AS8068 microsoft corporation,Spyware: http://browser.events.data.microsoftstart.cn,"This report is generated by MITRE ATT&CK™ and produced by the team at the University of California, ",2023-11-19T13:55:48.898000
2023-11-20_09-15-03,tcp,119.110.75.198,50999.0,2.59.169.86,80.0,OUT.bound,established,,INTL.c,MD,ASNone ,,,
2023-11-20_09-15-03,tcp,182.23.50.233,443.0,119.110.75.198,56143.0,IN.bound,established,,,ID,AS4800 aplikanusa lintasarta,,,
2023-11-20_09-15-03,tcp,119.110.75.198,54397.0,204.79.197.203,443.0,OUT.bound,established,,LOKAL.c,US,AS8068 microsoft corporation,Spyware: http://browser.events.data.microsoftstart.cn,"This report is generated by MITRE ATT&CK™ and produced by the team at the University of California, ",2023-11-19T13:55:48.898000
2023-11-20_09-15-03,tcp,119.110.75.198,38366.0,103.143.2.221,1197.0,OUT.bound,established,,LOKAL.c,ID,AS139385 pt. lantip teknologi prima,,,
2023-11-20_09-15-03,tcp,119.110.75.198,60916.0,182.23.50.233,443.0,OUT.bound,established,,LOKAL.c,ID,AS4800 aplikanusa lintasarta,,,
2023-11-20_09-15-03,tcp,119.110.75.198,63995.0,51.77.90.246,8080.0,OUT.bound,established,,INTL.c,FR,AS16276 ovh sas,,,
2023-11-20_09-15-03,udp,119.110.75.198,39137.0,156.59.76.167,443.0,OUT.bound,,,LOKAL.c,SG,AS21859 zenlayer inc,,,
2023-11-20_09-15-03,tcp,185.244.24.41,8443.0,119.110.75.198,63996.0,IN.bound,established,,INTL.c,UA,AS44437 ahorro corporacion  s.a.,TOR nodes,,2023-11-15T00:01:55.056000
2023-11-20_09-15-03,tcp,15.197.210.208,80.0,119.110.75.198,56027.0,IN.bound,last-ack,,,US,AS16509 amazon.com inc,,,
2023-11-20_09-15-03,tcp,119.110.75.198,51000.0,172.67.170.105,443.0,OUT.bound,established,,INTL.c,US,AS13335 cloudflare,,,
2023-11-20_09-15-03,icmp,119.110.66.86,,199.181.132.250,,OUT.bound,,,,US,ASNone ,IOC Records Provided by @NextRayAI,This IOC report provided and daily updated by NextRay AI Detection & Response Inc.,2023-11-16T20:30:53.391000
2023-11-20_09-15-03,tcp,119.110.75.198,54401.0,23.50.117.210,443.0,OUT.bound,established,,LOKAL.c,ID,AS20940 akamai international b.v.,,,
2023-11-20_09-15-03,tcp,119.110.75.198,51001.0,40.126.35.129,443.0,OUT.bound,time-wait,,LOKAL.c,SG,AS8075 microsoft corporation,,,
2023-11-20_09-15-03,udp,119.110.75.198,51994.0,142.251.175.119,443.0,OUT.bound,,,LOKAL.c,US,AS15169 google llc,,,
2023-11-20_09-15-03,udp,119.110.75.198,44443.0,142.251.175.95,443.0,OUT.bound,,,LOKAL.c,US,AS15169 google llc,,,
2023-11-20_09-15-03,tcp,119.110.75.198,49772.0,142.251.175.95,443.0,OUT.bound,close,,LOKAL.c,US,AS15169 google llc,,,
2023-11-20_09-15-03,tcp,119.110.75.198,51296.0,142.251.175.119,443.0,OUT.bound,close,,LOKAL.c,US,AS15169 google llc,,,
2023-11-20_09-15-03,tcp,190.2.153.211,40001.0,119.110.75.198,57293.0,IN.bound,established,,INTL.c,NL,AS49981 worldstream b.v.,,,
2023-11-20_09-15-03,tcp,119.110.75.198,50737.0,172.64.155.89,443.0,OUT.bound,time-wait,,LOKAL.c,US,AS13335 cloudflare,,,
2023-11-20_09-15-03,tcp,119.110.75.198,50739.0,40.126.35.134,443.0,OUT.bound,time-wait,,LOKAL.c,SG,AS8075 microsoft corporation,TrojanSpy,,2023-11-04T01:46:05.174000
2023-11-20_09-15-03,udp,119.110.75.198,44071.0,156.59.248.68,443.0,OUT.bound,,,LOKAL.c,SG,ASNone ,,,
2023-11-20_09-15-03,tcp,151.101.198.73,443.0,119.110.75.198,60918.0,IN.bound,established,,INTL.c,US,AS54113 fastly,,,
2023-11-20_09-15-03,icmp,119.110.66.86,,119.110.66.97,,OUT.bound,,,,ID,AS38320 pt maxindo mitra solusi,,,
2023-11-20_09-15-03,tcp,119.110.75.198,50738.0,40.126.35.134,443.0,OUT.bound,time-wait,,LOKAL.c,SG,AS8075 microsoft corporation,TrojanSpy,,2023-11-04T01:46:05.174000
2023-11-20_09-15-03,tcp,119.110.75.198,51761.0,182.23.50.233,80.0,OUT.bound,established,,LOKAL.c,ID,AS4800 aplikanusa lintasarta,,,
2023-11-20_09-15-03,tcp,119.110.75.198,57670.0,13.227.254.86,443.0,OUT.bound,established,,INTL.c,US,AS16509 amazon.com inc,,,
2023-11-20_09-15-03,tcp,119.110.75.198,45620.0,91.108.56.192,443.0,OUT.bound,close,,INTL.c,AG,AS62014 telegram messenger inc,,,
2023-11-20_09-15-03,tcp,119.110.75.198,49343.0,182.23.50.233,80.0,OUT.bound,established,,LOKAL.c,ID,AS4800 aplikanusa lintasarta,,,
2023-11-20_09-15-03,tcp,119.110.75.198,57666.0,13.227.254.86,443.0,OUT.bound,established,,INTL.c,US,AS16509 amazon.com inc,,,
2023-11-20_09-15-03,tcp,119.110.75.198,50741.0,40.126.35.134,443.0,OUT.bound,time-wait,,LOKAL.c,SG,AS8075 microsoft corporation,TrojanSpy,,2023-11-04T01:46:05.174000
2023-11-20_09-15-03,tcp,182.23.50.233,443.0,119.110.75.198,63130.0,IN.bound,established,,LOKAL.c,ID,AS4800 aplikanusa lintasarta,,,
2023-11-20_09-15-03,tcp,119.110.75.198,43884.0,156.59.238.14,443.0,OUT.bound,time-wait,,INTL.c,SG,ASNone ,,,
2023-11-20_09-15-03,tcp,178.254.26.126,443.0,119.110.75.198,49163.0,IN.bound,established,,INTL.c,DE,AS42730 evanzo e-commerce gmbh,,,
2023-11-20_09-15-03,tcp,119.110.75.198,57668.0,13.227.254.86,443.0,OUT.bound,established,,INTL.c,US,AS16509 amazon.com inc,,,
2023-11-20_09-15-03,tcp,119.110.75.198,54386.0,182.23.50.233,443.0,OUT.bound,established,,LOKAL.c,ID,AS4800 aplikanusa lintasarta,,,
2023-11-20_09-15-03,tcp,119.110.75.198,50740.0,172.64.152.81,443.0,OUT.bound,time-wait,,LOKAL.c,US,AS13335 cloudflare,,,
2023-11-20_09-15-03,tcp,119.110.75.198,45622.0,91.108.56.192,443.0,OUT.bound,close,,INTL.c,AG,AS62014 telegram messenger inc,,,
2023-11-20_09-15-03,udp,119.110.75.198,55960.0,122.144.1.1,53.0,OUT.bound,,,LOKAL.c,ID,AS38320 pt maxindo mitra solusi,,,
2023-11-20_09-15-03,tcp,184.25.236.75,443.0,119.110.75.198,43068.0,IN.bound,last-ack,,,ID,AS7713 pt telekomunikasi indonesia,,,
2023-11-20_09-15-03,tcp,119.110.75.198,50716.0,157.240.208.35,443.0,OUT.bound,established,,LOKAL.c,ID,AS32934 facebook  inc.,,,
2023-11-20_09-15-03,tcp,152.195.38.76,80.0,119.110.75.198,56174.0,IN.bound,established,,,US,AS15133 verizon,quick look at 79.12.165.51,,2023-11-20T00:05:28.436000
2023-11-20_09-15-03,tcp,119.110.75.198,51002.0,172.67.170.105,443.0,OUT.bound,established,,INTL.c,US,AS13335 cloudflare,,,
2023-11-20_09-15-03,tcp,162.62.83.81,80.0,119.110.75.198,35008.0,IN.bound,established,,INTL.c,VN,AS132203 tencent building  kejizhongyi avenue,,,
2023-11-20_09-15-03,udp,119.110.75.198,36424.0,122.144.1.1,53.0,OUT.bound,,,LOKAL.c,ID,AS38320 pt maxindo mitra solusi,,,
2023-11-20_09-15-03,tcp,119.110.75.198,59234.0,157.240.208.61,5222.0,OUT.bound,established,,LOKAL.c,ID,AS32934 facebook  inc.,,,
2023-11-20_09-15-03,tcp,119.110.75.198,34796.0,104.123.71.163,443.0,OUT.bound,established,,INTL.c,US,AS20940 akamai international b.v.,DONALDJTRUMP.COM 3,,2022-03-26T00:05:56.150000
2023-11-20_09-15-03,udp,172.16.236.90,53103.0,255.255.255.255,10002.0,broadcast,,,,,,,,
2023-11-20_09-15-03,udp,119.110.75.198,45410.0,122.144.1.1,53.0,OUT.bound,,,LOKAL.c,ID,AS38320 pt maxindo mitra solusi,,,
2023-11-20_09-15-03,udp,119.110.75.198,42655.0,34.111.101.25,443.0,OUT.bound,,,INTL.c,US,AS15169 google llc,,,
2023-11-20_09-15-03,udp,119.110.75.198,57047.0,122.144.1.1,53.0,OUT.bound,,,LOKAL.c,ID,AS38320 pt maxindo mitra solusi,,,
2023-11-20_09-15-03,udp,119.110.75.198,57537.0,210.210.145.139,443.0,OUT.bound,,,LOKAL.c,ID,AS4787 pt cyberindo aditama,,,
2023-11-20_09-15-03,icmp,122.144.3.5,,119.110.66.86,,IN.bound,,,,ID,AS38320 pt maxindo mitra solusi,IOCs - 2023651317 - ANIA Threat Feeds - IP Segment 8,ANIA Collector - Advanced Network Interactive Analysis Collector - Collected from Internet Storm Cen,2023-07-05T20:01:39.023000
2023-11-20_09-15-03,tcp,119.110.75.198,51003.0,3.229.234.181,443.0,OUT.bound,established,,INTL.c,US,AS14618 amazon.com  inc.,,,
2023-11-20_09-15-03,udp,119.110.75.198,43380.0,122.144.1.1,53.0,OUT.bound,,,LOKAL.c,ID,AS38320 pt maxindo mitra solusi,,,
2023-11-20_09-15-03,tcp,119.110.75.198,47481.0,122.144.1.1,53.0,OUT.bound,time-wait,,LOKAL.c,ID,AS38320 pt maxindo mitra solusi,,,
2023-11-20_09-15-03,udp,119.110.75.198,40359.0,122.144.1.1,53.0,OUT.bound,,,LOKAL.c,ID,AS38320 pt maxindo mitra solusi,,,
2023-11-20_09-15-03,tcp,119.110.75.198,47478.0,122.144.1.1,53.0,OUT.bound,time-wait,,LOKAL.c,ID,AS38320 pt maxindo mitra solusi,,,
2023-11-20_09-15-03,udp,119.110.75.198,38891.0,192.168.0.1,53.0,local,,,INTL.c,,,,,
2023-11-20_09-15-03,udp,119.110.75.198,59796.0,122.144.1.1,53.0,OUT.bound,,,LOKAL.c,ID,AS38320 pt maxindo mitra solusi,,,
2023-11-20_09-15-03,udp,172.16.236.74,5678.0,255.255.255.255,5678.0,broadcast,,,,,,,,
2023-11-20_09-15-03,tcp,119.110.75.198,53454.0,163.181.100.237,443.0,OUT.bound,established,,LOKAL.c,US,ASNone ,,,
2023-11-20_09-15-03,tcp,119.110.75.198,47479.0,122.144.1.1,53.0,OUT.bound,time-wait,,LOKAL.c,ID,AS38320 pt maxindo mitra solusi,,,
2023-11-20_09-15-03,udp,119.110.75.198,46280.0,122.144.1.1,53.0,OUT.bound,,,LOKAL.c,ID,AS38320 pt maxindo mitra solusi,,,
2023-11-20_09-15-03,udp,119.110.75.198,34572.0,34.117.97.41,443.0,OUT.bound,,,INTL.c,US,AS396982 google,,,
2023-11-20_09-15-03,udp,119.110.75.198,47967.0,122.144.1.1,53.0,OUT.bound,,,LOKAL.c,ID,AS38320 pt maxindo mitra solusi,,,
2023-11-20_09-15-03,udp,119.110.75.198,47852.0,122.144.1.1,53.0,OUT.bound,,,LOKAL.c,ID,AS38320 pt maxindo mitra solusi,,,
2023-11-20_09-15-03,tcp,119.110.75.198,47480.0,122.144.1.1,53.0,OUT.bound,time-wait,,LOKAL.c,ID,AS38320 pt maxindo mitra solusi,,,
2023-11-20_09-15-03,udp,119.110.75.198,33406.0,122.144.1.1,53.0,OUT.bound,,,LOKAL.c,ID,AS38320 pt maxindo mitra solusi,,,
2023-11-20_09-15-03,udp,119.110.75.198,57126.0,122.144.1.1,53.0,OUT.bound,,,LOKAL.c,ID,AS38320 pt maxindo mitra solusi,,,
2023-11-20_09-15-03,tcp,119.110.75.198,51004.0,154.56.47.61,443.0,OUT.bound,time-wait,,INTL.c,US,AS174 cogent communications,,,
2023-11-20_09-15-03,udp,119.110.75.198,38852.0,122.144.1.1,53.0,OUT.bound,,,LOKAL.c,ID,AS38320 pt maxindo mitra solusi,,,
2023-11-20_09-15-03,tcp,119.110.75.198,51386.0,203.161.21.185,443.0,OUT.bound,established,,INTL.c,ID,AS133840 pt jala lintas media,,,
2023-11-20_09-15-03,tcp,119.110.75.198,50743.0,104.18.33.221,443.0,OUT.bound,time-wait,,LOKAL.c,US,AS13335 cloudflare,,,
2023-11-20_09-15-03,udp,119.110.75.198,44957.0,34.111.174.196,443.0,OUT.bound,,,INTL.c,US,AS15169 google llc,,,
2023-11-20_09-15-03,tcp,119.110.75.198,47482.0,122.144.1.1,53.0,OUT.bound,time-wait,,LOKAL.c,ID,AS38320 pt maxindo mitra solusi,,,
2023-11-20_09-15-03,udp,119.110.66.92,5678.0,255.255.255.255,5678.0,broadcast,,,,,,,,
2023-11-20_09-15-03,tcp,119.110.75.198,50742.0,81.31.203.187,43594.0,OUT.bound,established,,INTL.c,GB,AS44521 jagex limited,,,
2023-11-20_09-15-03,tcp,119.110.75.198,47484.0,122.144.1.1,53.0,OUT.bound,time-wait,,LOKAL.c,ID,AS38320 pt maxindo mitra solusi,,,
2023-11-20_09-15-03,tcp,119.110.75.198,47483.0,122.144.1.1,53.0,OUT.bound,time-wait,,LOKAL.c,ID,AS38320 pt maxindo mitra solusi,,,
2023-11-20_09-15-03,tcp,119.110.75.198,51005.0,34.120.241.214,443.0,OUT.bound,time-wait,,INTL.c,US,AS396982 google,,,
2023-11-20_09-15-03,udp,172.16.236.67,60023.0,255.255.255.255,10002.0,broadcast,,,,,,,,
2023-11-20_09-15-03,tcp,119.110.75.198,46626.0,103.143.2.221,1196.0,OUT.bound,established,,LOKAL.c,ID,AS139385 pt. lantip teknologi prima,,,
2023-11-20_09-15-03,udp,119.110.75.198,40048.0,122.144.1.1,53.0,OUT.bound,,,LOKAL.c,ID,AS38320 pt maxindo mitra solusi,,,
2023-11-20_09-15-03,tcp,119.110.75.198,55318.0,103.143.2.221,1194.0,OUT.bound,established,,LOKAL.c,ID,AS139385 pt. lantip teknologi prima,,,
2023-11-20_09-15-03,tcp,119.110.75.198,50950.0,74.125.68.94,443.0,OUT.bound,established,,LOKAL.c,US,AS15169 google llc,,,
2023-11-20_09-15-03,udp,119.110.75.198,52209.0,122.144.1.1,53.0,OUT.bound,,,LOKAL.c,ID,AS38320 pt maxindo mitra solusi,,,
2023-11-20_09-15-03,udp,119.110.75.198,47980.0,203.161.21.187,443.0,OUT.bound,,,INTL.c,ID,AS133840 pt jala lintas media,,,
2023-11-20_09-15-03,udp,119.110.75.198,46234.0,122.144.1.1,53.0,OUT.bound,,,LOKAL.c,ID,AS38320 pt maxindo mitra solusi,,,
2023-11-20_09-15-03,udp,119.110.75.198,37711.0,122.144.1.1,53.0,OUT.bound,,,LOKAL.c,ID,AS38320 pt maxindo mitra solusi,,,
2023-11-20_09-15-03,tcp,119.110.75.198,54250.0,182.23.50.233,443.0,OUT.bound,established,,LOKAL.c,ID,AS4800 aplikanusa lintasarta,,,
2023-11-20_09-15-03,udp,119.110.75.198,55306.0,122.144.1.1,53.0,OUT.bound,,,LOKAL.c,ID,AS38320 pt maxindo mitra solusi,,,
2023-11-20_09-15-03,udp,119.110.75.198,58875.0,34.149.173.23,443.0,OUT.bound,,,INTL.c,US,AS15169 google llc,,,
2023-11-20_09-15-03,tcp,2.59.169.43,80.0,119.110.75.198,49974.0,IN.bound,established,,INTL.c,MD,ASNone ,,,
2023-11-20_09-15-03,tcp,163.181.100.241,443.0,119.110.75.198,50162.0,IN.bound,close-wait,,LOKAL.c,US,ASNone ,,,
2023-11-20_09-15-03,tcp,119.110.75.198,47488.0,122.144.1.1,53.0,OUT.bound,time-wait,,LOKAL.c,ID,AS38320 pt maxindo mitra solusi,,,
2023-11-20_09-15-03,udp,119.110.75.198,41551.0,122.144.1.1,53.0,OUT.bound,,,LOKAL.c,ID,AS38320 pt maxindo mitra solusi,,,
2023-11-20_09-15-03,udp,172.16.236.227,5678.0,255.255.255.255,5678.0,broadcast,,,,,,,,
2023-11-20_09-15-03,udp,119.110.75.198,54610.0,122.144.1.1,53.0,OUT.bound,,,LOKAL.c,ID,AS38320 pt maxindo mitra solusi,,,
2023-11-20_09-15-03,udp,119.110.75.198,60381.0,122.144.1.1,53.0,OUT.bound,,,LOKAL.c,ID,AS38320 pt maxindo mitra solusi,,,
2023-11-20_09-15-03,tcp,119.110.75.198,51008.0,82.165.229.61,443.0,OUT.bound,time-wait,,INTL.c,DE,AS8560 1&1 ionos se,,,
2023-11-20_09-15-03,udp,119.110.75.198,55318.0,34.149.173.23,443.0,OUT.bound,,,INTL.c,US,AS15169 google llc,,,
2023-11-20_09-15-03,tcp,119.110.75.198,47489.0,122.144.1.1,53.0,OUT.bound,time-wait,,LOKAL.c,ID,AS38320 pt maxindo mitra solusi,,,
2023-11-20_09-15-03,tcp,119.110.75.198,51006.0,172.67.170.105,443.0,OUT.bound,established,,INTL.c,US,AS13335 cloudflare,,,
2023-11-20_09-15-03,udp,119.110.75.198,38170.0,122.144.1.1,53.0,OUT.bound,,,LOKAL.c,ID,AS38320 pt maxindo mitra solusi,,,
2023-11-20_09-15-03,udp,119.110.75.198,38875.0,122.144.1.1,53.0,OUT.bound,,,LOKAL.c,ID,AS38320 pt maxindo mitra solusi,,,
2023-11-20_09-15-03,udp,119.110.75.198,54447.0,122.144.1.1,53.0,OUT.bound,,,LOKAL.c,ID,AS38320 pt maxindo mitra solusi,,,
2023-11-20_09-15-03,tcp,119.110.75.198,47490.0,122.144.1.1,53.0,OUT.bound,time-wait,,LOKAL.c,ID,AS38320 pt maxindo mitra solusi,,,
2023-11-20_09-15-03,udp,119.110.75.198,50587.0,122.144.1.1,53.0,OUT.bound,,,LOKAL.c,ID,AS38320 pt maxindo mitra solusi,,,
2023-11-20_09-15-03,tcp,163.181.100.242,443.0,119.110.75.198,38888.0,IN.bound,close-wait,,LOKAL.c,US,ASNone ,,,
2023-11-20_09-15-03,udp,119.110.75.198,53961.0,122.144.1.1,53.0,OUT.bound,,,LOKAL.c,ID,AS38320 pt maxindo mitra solusi,,,
2023-11-20_09-15-03,udp,119.110.75.198,47086.0,122.144.1.1,53.0,OUT.bound,,,LOKAL.c,ID,AS38320 pt maxindo mitra solusi,,,
2023-11-20_09-15-03,udp,119.110.75.198,42028.0,122.144.1.1,53.0,OUT.bound,,,LOKAL.c,ID,AS38320 pt maxindo mitra solusi,,,
2023-11-20_09-15-03,tcp,40.99.10.2,993.0,119.110.75.198,50982.0,IN.bound,established,,INTL.c,US,AS8075 microsoft corporation,,,
2023-11-20_09-15-03,udp,119.110.75.198,53374.0,34.117.36.110,443.0,OUT.bound,,,INTL.c,US,AS396982 google,,,
2023-11-20_09-15-03,udp,119.110.75.198,58667.0,122.144.1.1,53.0,OUT.bound,,,LOKAL.c,ID,AS38320 pt maxindo mitra solusi,,,
2023-11-20_09-15-03,udp,119.110.75.198,38760.0,122.144.1.1,53.0,OUT.bound,,,LOKAL.c,ID,AS38320 pt maxindo mitra solusi,,,
2023-11-20_09-15-03,tcp,119.110.75.198,33820.0,47.254.156.191,443.0,OUT.bound,established,,INTL.c,DE,AS45102 alibaba (us) technology co.  ltd.,,,
2023-11-20_09-15-03,udp,119.110.75.198,51979.0,122.144.1.1,53.0,OUT.bound,,,LOKAL.c,ID,AS38320 pt maxindo mitra solusi,,,
2023-11-20_09-15-03,udp,119.110.75.198,46069.0,122.144.1.1,53.0,OUT.bound,,,LOKAL.c,ID,AS38320 pt maxindo mitra solusi,,,
2023-11-20_09-15-03,udp,119.110.75.198,39547.0,122.144.1.1,53.0,OUT.bound,,,LOKAL.c,ID,AS38320 pt maxindo mitra solusi,,,
2023-11-20_09-15-03,tcp,119.110.75.198,47486.0,122.144.1.1,53.0,OUT.bound,time-wait,,LOKAL.c,ID,AS38320 pt maxindo mitra solusi,,,
2023-11-20_09-15-03,udp,119.110.75.198,42371.0,122.144.1.1,53.0,OUT.bound,,,LOKAL.c,ID,AS38320 pt maxindo mitra solusi,,,
2023-11-20_09-15-03,udp,119.110.75.198,55166.0,122.144.1.1,53.0,OUT.bound,,,LOKAL.c,ID,AS38320 pt maxindo mitra solusi,,,
2023-11-20_09-15-03,tcp,119.110.75.198,47492.0,122.144.1.1,53.0,OUT.bound,time-wait,,LOKAL.c,ID,AS38320 pt maxindo mitra solusi,,,
2023-11-20_09-15-03,tcp,119.110.75.198,47487.0,122.144.1.1,53.0,OUT.bound,time-wait,,LOKAL.c,ID,AS38320 pt maxindo mitra solusi,,,
2023-11-20_09-15-03,udp,119.110.75.198,35157.0,122.144.1.1,53.0,OUT.bound,,,LOKAL.c,ID,AS38320 pt maxindo mitra solusi,,,
2023-11-20_09-15-03,udp,119.110.75.198,37564.0,122.144.1.1,53.0,OUT.bound,,,LOKAL.c,ID,AS38320 pt maxindo mitra solusi,,,
2023-11-20_09-15-03,tcp,119.110.75.198,55848.0,64.233.170.188,5228.0,OUT.bound,established,,LOKAL.c,US,AS15169 google llc,,,
2023-11-20_09-15-03,tcp,119.110.75.198,47485.0,122.144.1.1,53.0,OUT.bound,time-wait,,LOKAL.c,ID,AS38320 pt maxindo mitra solusi,,,
2023-11-20_09-15-03,tcp,119.110.75.198,47491.0,122.144.1.1,53.0,OUT.bound,time-wait,,LOKAL.c,ID,AS38320 pt maxindo mitra solusi,,,
2023-11-20_09-15-03,udp,119.110.75.198,48131.0,122.144.1.1,53.0,OUT.bound,,,LOKAL.c,ID,AS38320 pt maxindo mitra solusi,,,
2023-11-20_09-15-03,tcp,210.210.145.80,80.0,119.110.75.198,56168.0,IN.bound,established,,,ID,AS4787 pt cyberindo aditama,,,
2023-11-20_09-15-03,udp,119.110.75.198,57374.0,122.144.1.1,53.0,OUT.bound,,,LOKAL.c,ID,AS38320 pt maxindo mitra solusi,,,
2023-11-20_09-15-03,udp,119.110.75.198,42638.0,122.144.1.1,53.0,OUT.bound,,,LOKAL.c,ID,AS38320 pt maxindo mitra solusi,,,
2023-11-20_09-15-03,udp,119.110.75.198,55110.0,122.144.1.1,53.0,OUT.bound,,,LOKAL.c,ID,AS38320 pt maxindo mitra solusi,,,
2023-11-20_09-15-03,udp,119.110.75.198,38316.0,103.134.189.138,443.0,OUT.bound,,,INTL.c,ID,AS140399 pt parsaoran global datatrans,,,
2023-11-20_09-15-03,udp,119.110.75.198,45858.0,122.144.1.1,53.0,OUT.bound,,,LOKAL.c,ID,AS38320 pt maxindo mitra solusi,,,
2023-11-20_09-15-03,udp,119.110.75.198,49790.0,122.144.1.1,53.0,OUT.bound,,,LOKAL.c,ID,AS38320 pt maxindo mitra solusi,,,
2023-11-20_09-15-03,udp,119.110.75.198,47731.0,122.144.1.1,53.0,OUT.bound,,,LOKAL.c,ID,AS38320 pt maxindo mitra solusi,,,
2023-11-20_09-15-03,udp,119.110.75.198,45692.0,122.144.1.1,53.0,OUT.bound,,,LOKAL.c,ID,AS38320 pt maxindo mitra solusi,,,
2023-11-20_09-15-03,tcp,119.110.75.198,51007.0,162.219.225.118,443.0,OUT.bound,close,,INTL.c,US,AS54113 fastly,,,
2023-11-20_09-15-03,tcp,119.110.75.198,33824.0,47.254.156.191,443.0,OUT.bound,established,,INTL.c,DE,AS45102 alibaba (us) technology co.  ltd.,,,
2023-11-20_09-15-03,udp,172.16.252.90,54075.0,255.255.255.255,10002.0,broadcast,,,,,,,,
2023-11-20_09-15-03,udp,172.16.252.146,45053.0,255.255.255.255,10002.0,broadcast,,,,,,,,
2023-11-20_09-15-03,tcp,119.110.75.198,50712.0,134.119.183.60,80.0,OUT.bound,close-wait,,INTL.c,FR,AS29066 host europe gmbh,,,
2023-11-20_09-15-03,tcp,119.110.75.198,50744.0,40.126.35.134,443.0,OUT.bound,time-wait,,LOKAL.c,SG,AS8075 microsoft corporation,TrojanSpy,,2023-11-04T01:46:05.174000
2023-11-20_09-15-03,udp,119.110.75.198,40727.0,23.48.173.210,443.0,OUT.bound,,,LOKAL.c,US,AS20940 akamai international b.v.,,,
2023-11-20_09-15-03,tcp,119.110.75.198,51009.0,93.186.225.205,443.0,OUT.bound,time-wait,,INTL.c,RU,AS47541 vkontakte ltd,216.106.44.52 Socket telecom,"Trojans, mailserver? Local isp communicating files, AV wont upload refderring file hashes",2023-10-02T01:05:49.285000
2023-11-20_09-15-03,tcp,119.110.75.198,50708.0,157.240.208.35,443.0,OUT.bound,close,,LOKAL.c,ID,AS32934 facebook  inc.,,,
2023-11-20_09-15-03,udp,119.110.75.198,51154.0,34.96.106.127,443.0,OUT.bound,,,INTL.c,US,AS15169 google llc,,,
2023-11-20_09-15-03,tcp,119.110.75.198,50745.0,104.18.33.221,443.0,OUT.bound,time-wait,,LOKAL.c,US,AS13335 cloudflare,,,
2023-11-20_09-15-03,tcp,119.110.75.198,50746.0,157.240.208.35,443.0,OUT.bound,established,,LOKAL.c,ID,AS32934 facebook  inc.,,,
2023-11-20_09-15-03,udp,172.16.236.19,50541.0,255.255.255.255,10002.0,broadcast,,,,,,,,
2023-11-20_09-15-03,udp,119.110.75.198,35447.0,122.144.2.2,53.0,OUT.bound,,,LOKAL.c,ID,AS38320 pt maxindo mitra solusi,,,
2023-11-20_09-15-03,tcp,119.110.75.198,51010.0,157.240.208.35,443.0,OUT.bound,established,,LOKAL.c,ID,AS32934 facebook  inc.,,,
2023-11-20_09-15-03,udp,119.110.75.198,45966.0,122.144.1.1,53.0,OUT.bound,,,LOKAL.c,ID,AS38320 pt maxindo mitra solusi,,,
2023-11-20_09-15-03,tcp,119.110.75.198,51819.0,51.132.193.104,443.0,OUT.bound,established,,LOKAL.c,GB,AS8075 microsoft corporation,,,
2023-11-20_09-15-03,udp,119.110.75.198,60743.0,23.215.35.76,443.0,OUT.bound,,,LOKAL.c,FR,AS20940 akamai international b.v.,,,
2023-11-20_09-15-03,udp,119.110.75.198,37922.0,122.144.2.2,53.0,OUT.bound,,,LOKAL.c,ID,AS38320 pt maxindo mitra solusi,,,
2023-11-20_09-15-03,tcp,119.110.75.198,48474.0,34.117.97.41,443.0,OUT.bound,established,,INTL.c,US,AS396982 google,,,
2023-11-20_09-15-03,udp,172.16.237.35,5678.0,255.255.255.255,5678.0,broadcast,,,,,,,,
2023-11-20_09-15-03,tcp,119.110.75.198,54270.0,182.23.50.233,443.0,OUT.bound,established,,LOKAL.c,ID,AS4800 aplikanusa lintasarta,,,
2023-11-20_09-15-03,udp,172.16.236.171,5678.0,255.255.255.255,5678.0,broadcast,,,,,,,,
2023-11-20_09-15-03,udp,103.159.117.3,5678.0,255.255.255.255,5678.0,broadcast,,,,,,,,
2023-11-20_09-15-03,tcp,119.110.75.198,50969.0,104.21.28.80,443.0,OUT.bound,established,,INTL.c,US,AS13335 cloudflare,,,
2023-11-20_09-15-03,udp,119.110.75.198,57037.0,122.144.2.2,53.0,OUT.bound,,,LOKAL.c,ID,AS38320 pt maxindo mitra solusi,,,
2023-11-20_09-15-03,udp,119.110.75.198,57454.0,122.144.2.2,53.0,OUT.bound,,,LOKAL.c,ID,AS38320 pt maxindo mitra solusi,,,
2023-11-20_09-15-03,tcp,119.110.75.198,37208.0,52.76.17.146,443.0,OUT.bound,established,,LOKAL.c,SG,AS16509 amazon.com inc,,,
2023-11-20_09-15-03,tcp,119.110.75.198,51011.0,157.240.208.35,443.0,OUT.bound,established,,LOKAL.c,ID,AS32934 facebook  inc.,,,
2023-11-20_09-15-03,tcp,119.110.75.198,56851.0,122.144.2.2,53.0,OUT.bound,time-wait,,LOKAL.c,ID,AS38320 pt maxindo mitra solusi,,,
2023-11-20_09-15-03,tcp,210.210.145.91,80.0,119.110.75.198,56139.0,IN.bound,established,,,ID,AS4787 pt cyberindo aditama,,,
2023-11-20_09-15-03,udp,119.110.75.198,60611.0,122.144.2.2,53.0,OUT.bound,,,LOKAL.c,ID,AS38320 pt maxindo mitra solusi,,,
2023-11-20_09-15-03,udp,119.110.75.198,34516.0,122.144.2.2,53.0,OUT.bound,,,LOKAL.c,ID,AS38320 pt maxindo mitra solusi,,,
2023-11-20_09-15-03,udp,119.110.75.198,44655.0,122.144.2.2,53.0,OUT.bound,,,LOKAL.c,ID,AS38320 pt maxindo mitra solusi,,,
2023-11-20_09-15-03,udp,119.110.75.198,45642.0,122.144.2.2,53.0,OUT.bound,,,LOKAL.c,ID,AS38320 pt maxindo mitra solusi,,,
2023-11-20_09-15-03,udp,119.110.75.198,43436.0,122.144.2.2,53.0,OUT.bound,,,LOKAL.c,ID,AS38320 pt maxindo mitra solusi,,,
2023-11-20_09-15-03,udp,119.110.75.198,37529.0,122.144.2.2,53.0,OUT.bound,,,LOKAL.c,ID,AS38320 pt maxindo mitra solusi,,,
2023-11-20_09-15-03,udp,119.110.75.198,54021.0,122.144.2.2,53.0,OUT.bound,,,LOKAL.c,ID,AS38320 pt maxindo mitra solusi,,,
2023-11-20_09-15-03,udp,119.110.75.198,51773.0,122.144.2.2,53.0,OUT.bound,,,LOKAL.c,ID,AS38320 pt maxindo mitra solusi,,,
2023-11-20_09-15-03,tcp,119.110.75.198,56854.0,122.144.2.2,53.0,OUT.bound,time-wait,,LOKAL.c,ID,AS38320 pt maxindo mitra solusi,,,
2023-11-20_09-15-03,udp,119.110.75.198,33832.0,122.144.2.2,53.0,OUT.bound,,,LOKAL.c,ID,AS38320 pt maxindo mitra solusi,,,
2023-11-20_09-15-03,udp,119.110.75.198,38167.0,122.144.2.2,53.0,OUT.bound,,,LOKAL.c,ID,AS38320 pt maxindo mitra solusi,,,
2023-11-20_09-15-03,tcp,119.110.75.198,56853.0,122.144.2.2,53.0,OUT.bound,time-wait,,LOKAL.c,ID,AS38320 pt maxindo mitra solusi,,,
2023-11-20_09-15-03,udp,119.110.75.198,33059.0,122.144.2.2,53.0,OUT.bound,,,LOKAL.c,ID,AS38320 pt maxindo mitra solusi,,,
2023-11-20_09-15-03,tcp,119.110.75.198,56855.0,122.144.2.2,53.0,OUT.bound,time-wait,,LOKAL.c,ID,AS38320 pt maxindo mitra solusi,,,
2023-11-20_09-15-03,udp,119.110.75.198,32840.0,122.144.2.2,53.0,OUT.bound,,,LOKAL.c,ID,AS38320 pt maxindo mitra solusi,,,
2023-11-20_09-15-03,udp,119.110.75.198,44442.0,34.149.173.23,443.0,OUT.bound,,,INTL.c,US,AS15169 google llc,,,
2023-11-20_09-15-03,udp,119.110.75.198,36748.0,122.144.2.2,53.0,OUT.bound,,,LOKAL.c,ID,AS38320 pt maxindo mitra solusi,,,
2023-11-20_09-15-03,udp,119.110.75.198,60452.0,122.144.2.2,53.0,OUT.bound,,,LOKAL.c,ID,AS38320 pt maxindo mitra solusi,,,
2023-11-20_09-15-03,udp,119.110.75.198,42418.0,122.144.2.2,53.0,OUT.bound,,,LOKAL.c,ID,AS38320 pt maxindo mitra solusi,,,
2023-11-20_09-15-03,udp,119.110.75.198,60788.0,122.144.2.2,53.0,OUT.bound,,,LOKAL.c,ID,AS38320 pt maxindo mitra solusi,,,
2023-11-20_09-15-03,udp,119.110.75.198,43604.0,122.144.2.2,53.0,OUT.bound,,,LOKAL.c,ID,AS38320 pt maxindo mitra solusi,,,
2023-11-20_09-15-03,udp,119.110.75.198,55941.0,122.144.2.2,53.0,OUT.bound,,,LOKAL.c,ID,AS38320 pt maxindo mitra solusi,,,
2023-11-20_09-15-03,udp,119.110.75.198,58897.0,122.144.2.2,53.0,OUT.bound,,,LOKAL.c,ID,AS38320 pt maxindo mitra solusi,,,
2023-11-20_09-15-03,udp,119.110.75.198,38710.0,122.144.2.2,53.0,OUT.bound,,,LOKAL.c,ID,AS38320 pt maxindo mitra solusi,,,
2023-11-20_09-15-03,udp,119.110.75.198,57612.0,122.144.2.2,53.0,OUT.bound,,,LOKAL.c,ID,AS38320 pt maxindo mitra solusi,,,
2023-11-20_09-15-03,udp,119.110.75.198,40502.0,122.144.2.2,53.0,OUT.bound,,,LOKAL.c,ID,AS38320 pt maxindo mitra solusi,,,
2023-11-20_09-15-03,udp,119.110.75.198,41413.0,122.144.2.2,53.0,OUT.bound,,,LOKAL.c,ID,AS38320 pt maxindo mitra solusi,,,
2023-11-20_09-15-03,tcp,119.110.75.198,56852.0,122.144.2.2,53.0,OUT.bound,time-wait,,LOKAL.c,ID,AS38320 pt maxindo mitra solusi,,,
2023-11-20_09-15-03,udp,119.110.75.198,51424.0,122.144.2.2,53.0,OUT.bound,,,LOKAL.c,ID,AS38320 pt maxindo mitra solusi,,,
2023-11-20_09-15-03,udp,119.110.75.198,43678.0,122.144.2.2,53.0,OUT.bound,,,LOKAL.c,ID,AS38320 pt maxindo mitra solusi,,,
2023-11-20_09-15-03,udp,119.110.75.198,38085.0,122.144.2.2,53.0,OUT.bound,,,LOKAL.c,ID,AS38320 pt maxindo mitra solusi,,,
2023-11-20_09-15-03,udp,172.16.252.51,34344.0,255.255.255.255,10002.0,broadcast,,,,,,,,
2023-11-20_09-15-03,tcp,119.110.75.198,50747.0,212.227.17.170,993.0,OUT.bound,established,,INTL.c,DE,AS8560 1&1 ionos se,Threat Roundup (Feb. 24 - March 3),,2023-04-05T13:00:03.456000
2023-11-20_09-15-03,udp,119.110.75.198,51861.0,122.144.2.2,53.0,OUT.bound,,,LOKAL.c,ID,AS38320 pt maxindo mitra solusi,,,
2023-11-20_09-15-03,tcp,119.110.75.198,56850.0,122.144.2.2,53.0,OUT.bound,time-wait,,LOKAL.c,ID,AS38320 pt maxindo mitra solusi,,,
2023-11-20_09-15-03,udp,119.110.75.198,59788.0,122.144.2.2,53.0,OUT.bound,,,LOKAL.c,ID,AS38320 pt maxindo mitra solusi,,,
2023-11-20_09-15-03,tcp,119.110.75.198,56856.0,122.144.2.2,53.0,OUT.bound,time-wait,,LOKAL.c,ID,AS38320 pt maxindo mitra solusi,,,
2023-11-20_09-15-03,udp,119.110.75.198,57767.0,122.144.2.2,53.0,OUT.bound,,,LOKAL.c,ID,AS38320 pt maxindo mitra solusi,,,
2023-11-20_09-15-03,udp,119.110.75.198,49757.0,103.134.189.139,443.0,OUT.bound,,,INTL.c,ID,AS140399 pt parsaoran global datatrans,,,
2023-11-20_09-15-03,tcp,119.110.75.198,56858.0,122.144.2.2,53.0,OUT.bound,time-wait,,LOKAL.c,ID,AS38320 pt maxindo mitra solusi,,,
2023-11-20_09-15-03,udp,119.110.75.198,39366.0,122.144.2.2,53.0,OUT.bound,,,LOKAL.c,ID,AS38320 pt maxindo mitra solusi,,,
2023-11-20_09-15-03,udp,172.16.237.66,46195.0,255.255.255.255,10002.0,broadcast,,,,,,,,
2023-11-20_09-15-03,tcp,119.110.75.198,56859.0,122.144.2.2,53.0,OUT.bound,time-wait,,LOKAL.c,ID,AS38320 pt maxindo mitra solusi,,,
2023-11-20_09-15-03,udp,119.110.75.198,55849.0,122.144.2.2,53.0,OUT.bound,,,LOKAL.c,ID,AS38320 pt maxindo mitra solusi,,,
2023-11-20_09-15-03,udp,119.110.75.198,58303.0,122.144.2.2,53.0,OUT.bound,,,LOKAL.c,ID,AS38320 pt maxindo mitra solusi,,,
2023-11-20_09-15-03,udp,119.110.75.198,43529.0,122.144.2.2,53.0,OUT.bound,,,LOKAL.c,ID,AS38320 pt maxindo mitra solusi,,,
2023-11-20_09-15-03,udp,8.222.137.37,23237.0,119.110.75.199,5684.0,IN.bound,,,,SG,ASNone ,,,
2023-11-20_09-15-03,tcp,119.110.75.198,51013.0,85.114.159.112,443.0,OUT.bound,time-wait,,INTL.c,DE,AS24961 myloc managed it ag,,,
2023-11-20_09-15-03,tcp,119.110.75.198,50748.0,172.64.155.89,443.0,OUT.bound,time-wait,,LOKAL.c,US,AS13335 cloudflare,,,
2023-11-20_09-15-03,tcp,119.110.75.198,47906.0,151.101.198.73,443.0,OUT.bound,established,,INTL.c,US,AS54113 fastly,,,
2023-11-20_09-15-03,udp,119.110.75.198,47769.0,122.144.2.2,53.0,OUT.bound,,,LOKAL.c,ID,AS38320 pt maxindo mitra solusi,,,
2023-11-20_09-15-03,tcp,35.203.210.254,51052.0,119.110.75.196,9864.0,IN.bound,syn-sent,,,,,,,
2023-11-20_09-15-03,udp,119.110.75.198,40255.0,122.144.2.2,53.0,OUT.bound,,,LOKAL.c,ID,AS38320 pt maxindo mitra solusi,,,
2023-11-20_09-15-03,tcp,119.110.75.198,56857.0,122.144.2.2,53.0,OUT.bound,time-wait,,LOKAL.c,ID,AS38320 pt maxindo mitra solusi,,,
2023-11-20_09-15-03,tcp,119.110.75.198,50954.0,2.59.169.86,80.0,OUT.bound,established,,INTL.c,MD,ASNone ,,,
2023-11-20_09-15-03,tcp,8.222.137.37,23237.0,119.110.75.196,4433.0,IN.bound,syn-sent,,,SG,ASNone ,,,
2023-11-20_09-15-03,udp,119.110.75.198,58935.0,122.144.2.2,53.0,OUT.bound,,,LOKAL.c,ID,AS38320 pt maxindo mitra solusi,,,
2023-11-20_09-15-03,tcp,119.110.75.198,51012.0,157.240.208.35,443.0,OUT.bound,established,,LOKAL.c,ID,AS32934 facebook  inc.,,,
2023-11-20_09-15-03,udp,119.110.75.198,40024.0,122.144.2.2,53.0,OUT.bound,,,LOKAL.c,ID,AS38320 pt maxindo mitra solusi,,,
2023-11-20_09-15-03,icmp,119.110.66.86,,103.28.54.16,,OUT.bound,,,,SG,AS32590 valve corporation,,,
2023-11-20_09-15-03,icmp,119.110.66.86,,8.8.8.8,,OUT.bound,,,,US,AS15169 google llc,,,
2023-11-20_09-15-03,udp,119.110.75.198,43885.0,122.144.2.2,53.0,OUT.bound,,,LOKAL.c,ID,AS38320 pt maxindo mitra solusi,,,
2023-11-20_09-15-03,icmp,119.110.66.86,,122.144.1.1,,OUT.bound,,,,ID,AS38320 pt maxindo mitra solusi,,,
2023-11-20_09-15-03,udp,119.110.75.198,54618.0,122.144.2.2,53.0,OUT.bound,,,LOKAL.c,ID,AS38320 pt maxindo mitra solusi,,,
2023-11-20_09-15-03,udp,119.110.75.198,32911.0,122.144.2.2,53.0,OUT.bound,,,LOKAL.c,ID,AS38320 pt maxindo mitra solusi,,,
2023-11-20_09-15-03,udp,119.110.75.198,53914.0,122.144.2.2,53.0,OUT.bound,,,LOKAL.c,ID,AS38320 pt maxindo mitra solusi,,,
2023-11-20_09-15-03,icmp,119.110.66.86,,175.103.33.174,,OUT.bound,,,,ID,ASNone ,,,
2023-11-20_09-15-03,icmp,119.110.66.86,,216.58.221.78,,OUT.bound,,,,US,AS15169 google llc,https://www.google.com/sorry/index?continue= MITRE TI566 & Phishing Mr.Looquer,,2023-09-19T02:02:31.116000
2023-11-20_09-15-03,tcp,119.110.75.198,51219.0,192.168.0.3,9920.0,local,syn-sent,,INTL.c,,,,,
2023-11-20_09-15-03,udp,119.110.75.198,37058.0,71.18.36.225,443.0,OUT.bound,,,LOKAL.c,US,ASNone ,,,
2023-11-20_09-15-03,tcp,119.110.75.198,50980.0,172.67.170.105,443.0,OUT.bound,established,,INTL.c,US,AS13335 cloudflare,,,
2023-11-20_09-15-03,tcp,119.110.75.198,54402.0,182.23.50.233,443.0,OUT.bound,established,,LOKAL.c,ID,AS4800 aplikanusa lintasarta,,,
2023-11-20_09-15-03,udp,119.110.75.198,36117.0,23.215.35.99,443.0,OUT.bound,,,LOKAL.c,FR,AS20940 akamai international b.v.,,,
2023-11-20_09-15-03,tcp,119.110.75.198,51220.0,192.168.0.3,9920.0,local,syn-sent,,INTL.c,,,,,
2023-11-20_09-15-03,udp,119.110.75.198,40567.0,210.210.145.139,443.0,OUT.bound,,,LOKAL.c,ID,AS4787 pt cyberindo aditama,,,
2023-11-20_09-15-03,tcp,134.119.183.60,80.0,119.110.75.198,62409.0,IN.bound,established,,INTL.c,FR,AS29066 host europe gmbh,,,
2023-11-20_09-15-03,tcp,119.110.75.198,54403.0,182.23.50.233,443.0,OUT.bound,established,,LOKAL.c,ID,AS4800 aplikanusa lintasarta,,,
2023-11-20_09-15-03,udp,172.16.236.146,48882.0,255.255.255.255,10002.0,broadcast,,,,,,,,
2023-11-20_09-15-03,tcp,119.110.75.198,37222.0,52.76.17.146,443.0,OUT.bound,established,,LOKAL.c,SG,AS16509 amazon.com inc,,,
2023-11-20_09-15-03,tcp,8.222.137.37,23237.0,119.110.75.199,10162.0,IN.bound,syn-sent,,,SG,ASNone ,,,
2023-11-20_09-15-03,tcp,119.110.75.198,51015.0,157.240.208.35,443.0,OUT.bound,established,,LOKAL.c,ID,AS32934 facebook  inc.,,,
2023-11-20_09-15-03,tcp,119.110.75.198,51014.0,172.67.170.105,443.0,OUT.bound,established,,INTL.c,US,AS13335 cloudflare,,,
2023-11-20_09-15-03,tcp,119.110.75.198,54404.0,182.23.50.233,443.0,OUT.bound,established,,LOKAL.c,ID,AS4800 aplikanusa lintasarta,,,
2023-11-20_09-15-03,udp,172.16.236.59,38356.0,255.255.255.255,10002.0,broadcast,,,,,,,,
2023-11-20_09-15-03,tcp,119.110.75.198,56860.0,122.144.2.2,53.0,OUT.bound,time-wait,,LOKAL.c,ID,AS38320 pt maxindo mitra solusi,,,
2023-11-20_09-15-03,udp,119.110.75.198,59448.0,23.215.35.68,443.0,OUT.bound,,,LOKAL.c,FR,AS20940 akamai international b.v.,,,
2023-11-20_09-15-03,tcp,119.110.75.198,51016.0,93.186.225.205,443.0,OUT.bound,established,,INTL.c,RU,AS47541 vkontakte ltd,216.106.44.52 Socket telecom,"Trojans, mailserver? Local isp communicating files, AV wont upload refderring file hashes",2023-10-02T01:05:49.285000
2023-11-20_09-15-03,udp,119.110.75.198,50684.0,122.144.2.2,53.0,OUT.bound,,,LOKAL.c,ID,AS38320 pt maxindo mitra solusi,,,
2023-11-20_09-15-03,udp,119.110.75.198,56960.0,122.144.2.2,53.0,OUT.bound,,,LOKAL.c,ID,AS38320 pt maxindo mitra solusi,,,
2023-11-20_09-15-03,tcp,119.110.75.198,50749.0,104.18.33.221,443.0,OUT.bound,established,,LOKAL.c,US,AS13335 cloudflare,,,
2023-11-20_09-15-03,udp,119.110.75.198,38488.0,122.144.2.2,53.0,OUT.bound,,,LOKAL.c,ID,AS38320 pt maxindo mitra solusi,,,
2023-11-20_09-15-03,tcp,119.110.75.198,46918.0,35.213.190.132,443.0,OUT.bound,established,,LOKAL.c,SG,AS15169 google llc,,,
2023-11-20_09-15-03,tcp,103.168.29.205,52382.0,119.110.75.196,3306.0,IN.bound,syn-sent,,,ID,AS142314 dinas komunikasi informatika persandian dan statistik kabuapten bueleleng,IOC Records Provided by @NextRayAI,This IOC report provided and daily updated by NextRay AI Detection & Response Inc.,2023-11-16T20:30:53.391000
2023-11-20_09-15-03,udp,172.16.236.51,55643.0,255.255.255.255,10002.0,broadcast,,,,,,,,
2023-11-20_09-15-03,udp,119.110.75.198,51642.0,34.117.36.110,443.0,OUT.bound,,,INTL.c,US,AS396982 google,,,
2023-11-20_09-15-03,tcp,119.110.75.198,57245.0,104.68.44.70,80.0,OUT.bound,close,,LOKAL.c,ID,AS18004 pt wireless indonesia win,,,
2023-11-20_09-15-03,udp,119.110.75.198,35825.0,122.144.2.2,53.0,OUT.bound,,,LOKAL.c,ID,AS38320 pt maxindo mitra solusi,,,
2023-11-20_09-15-03,tcp,119.110.75.198,56862.0,122.144.2.2,53.0,OUT.bound,time-wait,,LOKAL.c,ID,AS38320 pt maxindo mitra solusi,,,
2023-11-20_09-15-03,udp,119.110.75.198,43038.0,122.144.2.2,53.0,OUT.bound,,,LOKAL.c,ID,AS38320 pt maxindo mitra solusi,,,
2023-11-20_09-15-03,udp,172.16.236.195,36446.0,255.255.255.255,10002.0,broadcast,,,,,,,,
2023-11-20_09-15-03,udp,119.110.75.198,35840.0,122.144.2.2,53.0,OUT.bound,,,LOKAL.c,ID,AS38320 pt maxindo mitra solusi,,,
2023-11-20_09-15-03,tcp,119.110.75.198,51019.0,82.165.229.61,443.0,OUT.bound,established,,INTL.c,DE,AS8560 1&1 ionos se,,,
2023-11-20_09-15-03,tcp,119.110.75.198,56861.0,122.144.2.2,53.0,OUT.bound,time-wait,,LOKAL.c,ID,AS38320 pt maxindo mitra solusi,,,
2023-11-20_09-15-03,udp,119.110.75.198,48478.0,122.144.2.2,53.0,OUT.bound,,,LOKAL.c,ID,AS38320 pt maxindo mitra solusi,,,
2023-11-20_09-15-03,udp,119.110.75.198,49155.0,35.186.203.63,443.0,OUT.bound,,,LOKAL.c,US,AS15169 google llc,,,
2023-11-20_09-15-03,udp,119.110.75.198,35078.0,122.144.2.2,53.0,OUT.bound,,,LOKAL.c,ID,AS38320 pt maxindo mitra solusi,,,
2023-11-20_09-15-03,tcp,119.110.75.198,51018.0,40.126.35.129,443.0,OUT.bound,established,,LOKAL.c,SG,AS8075 microsoft corporation,,,
2023-11-20_09-15-03,tcp,103.146.133.4,57636.0,119.110.75.199,3306.0,IN.bound,syn-sent,,,ID,AS139940 dinas komunikasi dan informatika kabupaten sampang,,,
2023-11-20_09-15-03,tcp,119.110.75.198,51017.0,104.88.70.147,443.0,OUT.bound,close,,INTL.c,SG,AS20940 akamai international b.v.,,,
2023-11-20_09-15-03,udp,119.110.75.198,46185.0,122.144.2.2,53.0,OUT.bound,,,LOKAL.c,ID,AS38320 pt maxindo mitra solusi,,,
2023-11-20_09-15-03,tcp,103.168.29.205,52400.0,119.110.75.199,3306.0,IN.bound,syn-sent,,,ID,AS142314 dinas komunikasi informatika persandian dan statistik kabuapten bueleleng,IOC Records Provided by @NextRayAI,This IOC report provided and daily updated by NextRay AI Detection & Response Inc.,2023-11-16T20:30:53.391000
2023-11-20_09-15-03,udp,119.110.75.198,35630.0,34.102.147.19,443.0,OUT.bound,,,INTL.c,US,AS396982 google,,,
2023-11-20_09-15-03,tcp,103.146.133.4,57629.0,119.110.75.196,3306.0,IN.bound,syn-sent,,,ID,AS139940 dinas komunikasi dan informatika kabupaten sampang,,,
2023-11-20_09-15-03,udp,172.16.252.83,52852.0,255.255.255.255,10002.0,broadcast,,,,,,,,
2023-11-20_09-15-03,udp,119.110.75.198,42529.0,122.144.2.2,53.0,OUT.bound,,,LOKAL.c,ID,AS38320 pt maxindo mitra solusi,,,
2023-11-20_09-15-03,udp,119.110.75.198,50508.0,122.144.2.2,53.0,OUT.bound,,,LOKAL.c,ID,AS38320 pt maxindo mitra solusi,,,
2023-11-20_09-15-03,udp,119.110.75.198,53179.0,122.144.2.2,53.0,OUT.bound,,,LOKAL.c,ID,AS38320 pt maxindo mitra solusi,,,
2023-11-20_09-15-03,udp,119.110.75.198,52634.0,81.198.87.240,15252.0,OUT.bound,,,INTL.c,LV,AS12578 sia lattelekom,,,
2023-11-20_09-15-03,udp,119.110.75.198,33151.0,122.144.2.2,53.0,OUT.bound,,,LOKAL.c,ID,AS38320 pt maxindo mitra solusi,,,
2023-11-20_09-15-03,udp,172.16.237.163,5678.0,255.255.255.255,5678.0,broadcast,,,,,,,,
2023-11-20_09-15-03,udp,119.110.75.198,34106.0,34.111.174.196,443.0,OUT.bound,,,INTL.c,US,AS15169 google llc,,,
2023-11-20_09-15-03,tcp,175.103.43.90,52187.0,119.110.66.86,8278.0,IN.bound,established,,,ID,AS38320 pt maxindo mitra solusi,,,
2023-11-20_09-15-03,tcp,119.110.75.198,51020.0,34.120.241.214,443.0,OUT.bound,established,,INTL.c,US,AS396982 google,,,
2023-11-20_09-15-03,tcp,119.110.75.198,50984.0,172.67.170.105,443.0,OUT.bound,established,,INTL.c,US,AS13335 cloudflare,,,
2023-11-20_09-15-03,tcp,119.110.75.198,51021.0,172.67.170.105,443.0,OUT.bound,established,,INTL.c,US,AS13335 cloudflare,,,
2023-11-20_09-15-03,udp,119.110.75.198,41042.0,34.111.101.25,443.0,OUT.bound,,,INTL.c,US,AS15169 google llc,,,
2023-11-20_09-15-03,tcp,119.110.75.198,46650.0,8.222.151.246,31006.0,OUT.bound,established,,INTL.c,SG,ASNone ,,,
2023-11-20_09-15-03,udp,172.16.236.27,55492.0,255.255.255.255,10002.0,broadcast,,,,,,,,
2023-11-20_09-15-03,tcp,119.110.75.198,51022.0,44.215.116.72,443.0,OUT.bound,syn-sent,,INTL.c,US,AS14618 amazon.com  inc.,,,
2023-11-20_09-15-03,tcp,157.240.13.55,80.0,119.110.75.198,53206.0,IN.bound,established,,LOKAL.c,SG,AS32934 facebook  inc.,,,
2023-11-20_09-15-03,udp,172.16.237.91,36648.0,255.255.255.255,10002.0,broadcast,,,,,,,,
